7
SaoBento  Camara    Clerigos  Ribeira   Alfandega Palacio   Leoes
0.00      0.49      0.34      0.55      0.95      1.30      0.45
0.49      0.00      0.57      1.03      1.17      1.33      0.52
0.34      0.57      0.00      0.62      0.64      0.96      0.17
0.55      1.03      0.62      0.00      0.88      1.41      0.79
0.95      1.17      0.64      0.88      0.00      0.56      0.64
1.30      1.33      0.96      1.41      0.56      0.00      0.87
0.45      0.52      0.17      0.79      0.64      0.87      0.00
